0|0 - Averages: [1.0, 1.0, 1.0, 1.0, 1.0, 1.0, 1.0, 1.0]
0.1|0.1 - Averages: [1.3442622950819672, 1.6652631578947368, 2.1054313099041533, 2.4054726368159205, 2.547931382441978, 2.7908163265306123, 3.066079295154185, 2.9594072164948453]
0.2|0.2 - Averages: [2.7901639344262295, 4.054736842105263, 4.784345047923322, 5.8059701492537314, 6.175580221997982, 6.961734693877551, 7.094713656387666, 7.595360824742268]
0.3|0.3 - Averages: [4.239344262295082, 6.551578947368421, 8.777955271565496, 10.17039800995025, 10.643794147325933, 11.988945578231293, 12.387665198237885, 13.100515463917526]
0.4|0.4 - Averages: [5.622950819672131, 9.663157894736843, 13.680511182108626, 14.898009950248756, 16.508577194752775, 17.12074829931973, 18.124082232011748, 19.01610824742268]
0.5|0.5 - Averages: [12.354098360655737, 18.402105263157896, 21.057507987220447, 23.635572139303484, 24.24621594349142, 24.846938775510203, 25.288546255506606, 25.56894329896907]
0|0 - Averages: [1.0, 1.0, 1.0, 1.0, 1.0, 1.0, 1.0, 1.0]
0.1|0.1 - Averages: [1.3442622950819672, 1.6652631578947368, 2.1054313099041533, 2.4054726368159205, 2.547931382441978, 2.7908163265306123, 3.066079295154185, 2.9594072164948453]
0.2|0.1 - Averages: [1.6688524590163933, 2.134736842105263, 2.840255591054313, 3.054726368159204, 3.4137235116044398, 3.6607142857142856, 3.969897209985316, 4.010953608247423]
0.3|0.1 - Averages: [1.9180327868852458, 2.6757894736842105, 3.36741214057508, 3.531094527363184, 4.0020181634712415, 4.2270408163265305, 4.451541850220265, 4.501288659793815]
0.4|0.1 - Averages: [2.2295081967213113, 2.9894736842105263, 3.916932907348243, 4.181592039800995, 4.372351160443996, 4.624149659863946, 4.7804698972099855, 4.826675257731959]
0.5|0.1 - Averages: [2.678688524590164, 3.263157894736842, 4.142172523961661, 4.407960199004975, 4.580221997981837, 4.877551020408164, 5.046989720998532, 5.038015463917525]
0|0 - Averages: [1.0, 1.0, 1.0, 1.0, 1.0, 1.0, 1.0, 1.0]
0.1|0.5 - Averages: [3.39672131147541, 7.292631578947368, 7.934504792332269, 11.689054726368159, 12.915237134207871, 14.352891156462585, 15.232745961820852, 17.001932989690722]
0.2|0.5 - Averages: [6.622950819672131, 9.949473684210526, 14.035143769968052, 16.941542288557216, 18.077699293642784, 19.462585034013607, 20.41776798825257, 21.843427835051546]
0.3|0.5 - Averages: [7.413114754098361, 13.2, 16.956869009584665, 20.488805970149254, 21.349142280524724, 22.27891156462585, 23.31130690161527, 24.085051546391753]
0.4|0.5 - Averages: [10.268852459016394, 15.84842105263158, 19.207667731629392, 21.90547263681592, 23.281533804238144, 23.81377551020408, 24.536710719530102, 24.876932989690722]
0.5|0.5 - Averages: [12.354098360655737, 18.402105263157896, 21.057507987220447, 23.635572139303484, 24.24621594349142, 24.846938775510203, 25.288546255506606, 25.56894329896907]
0|0 - Averages: [1.0, 1.0, 1.0, 1.0, 1.0, 1.0, 1.0, 1.0]
0.1|0.05 - Averages: [1.1737704918032787, 1.256842105263158, 1.3945686900958467, 1.5945273631840795, 1.627648839556004, 1.7899659863945578, 1.8531571218795888, 1.8646907216494846]
0.2|0.05 - Averages: [1.4032786885245903, 1.6378947368421053, 1.68370607028754, 1.8980099502487562, 2.032290615539859, 2.127551020408163, 2.1791483113069017, 2.277061855670103]
0.3|0.05 - Averages: [1.5377049180327869, 1.7305263157894737, 1.9233226837060702, 2.1256218905472637, 2.306760847628658, 2.381802721088435, 2.357562408223201, 2.4471649484536084]
0.4|0.05 - Averages: [1.6131147540983606, 1.894736842105263, 2.207667731629393, 2.325870646766169, 2.4439959636730575, 2.506802721088435, 2.490455212922173, 2.5657216494845363]
0.5|0.05 - Averages: [1.8, 2.0231578947368423, 2.3003194888178915, 2.461442786069652, 2.4984863773965693, 2.5833333333333335, 2.580763582966226, 2.6256443298969074]
0|0 - Averages: [1.0, 1.0, 1.0, 1.0, 1.0, 1.0, 1.0, 1.0]
0.1|0.3 - Averages: [2.3049180327868855, 3.383157894736842, 5.110223642172524, 6.0, 6.769929364278506, 7.082482993197279, 7.676945668135096, 8.072809278350515]
0.2|0.3 - Averages: [3.1508196721311474, 4.7642105263157895, 6.862619808306709, 8.449004975124378, 9.047426841574168, 10.33078231292517, 10.411160058737151, 10.999355670103093]
0.3|0.3 - Averages: [4.239344262295082, 6.551578947368421, 8.777955271565496, 10.17039800995025, 10.643794147325933, 11.988945578231293, 12.387665198237885, 13.100515463917526]
0.4|0.3 - Averages: [4.947540983606557, 7.44, 9.768370607028753, 11.106965174129353, 12.360242179616549, 13.118197278911564, 13.734214390602055, 14.13853092783505]
0.5|0.3 - Averages: [6.344262295081967, 8.650526315789474, 10.936102236421725, 12.573383084577115, 13.143289606458124, 14.0671768707483, 14.68575624082232, 14.938144329896907]
